0

0

0

0

2E-05

0.00074

0.00059

0.00059

0.0004

0.0004

1E-05

2E-05

1E-05

1E-05

2E-05

2E-05

2E-05

计算总和0.00285总长度17

0

0

0.00328

0.00328

4E-05

4E-05

1E-05

1E-05

1E-05

1E-05

1E-05

1E-05

1E-05

1E-05

0.00067

0.00056

计算总和0.00795总长度16

0

0

0.0026

0.0026

3E-05

3E-05

2E-05

1E-05

2E-05

2E-05

2E-05

2E-05

2E-05

2E-05

0.00036

0.00036

0.00074

计算总和0.00687总长度17

0

0

0.00243

0.00243

3E-05

3E-05

0

1E-05

2E-05

2E-05

1E-05

1E-05

1E-05

0.00036

0.00074

0.00074

0.00074

计算总和0.00758总长度17

0

0

0.0028

0.0028

3E-05

3E-05

2E-05

2E-05

2E-05

2E-05

2E-05

2E-05

2E-05

2E-05

0.00072

0.00059

计算总和0.00713总长度16

0

0

0.00317

0.00317

2E-05

2E-05

2E-05

2E-05

2E-05

2E-05

2E-05

1E-05

1E-05

1E-05

0.0002

0.0002

0.00078

计算总和0.00769总长度17

0

0

0.00221

0.00221

3E-05

3E-05

2E-05

2E-05

2E-05

2E-05

2E-05

2E-05

2E-05

0.00027

0.00027

0.00077

0.0007

计算总和0.00663总长度17

0

0

0

0

3E-05

3E-05

1E-05

1E-05

2E-05

2E-05

2E-05

2E-05

2E-05

2E-05

2E-05

2E-05

0.00064

计算总和0.00088总长度17

0

0

0

0.0003

0.0007

0.0007

0.00075

0.00075

2E-05

2E-05

2E-05

2E-05

2E-05

2E-05

2E-05

2E-05

1E-05

计算总和0.00337总长度17

0

0

0.00294

0.00294

3E-05

2E-05

1E-05

1E-05

0

0

1E-05

1E-05

1E-05

1E-05

0.00069

0.00069

0.00057

计算总和0.00794总长度17

0

0

0.0022

0.0022

2E-05

2E-05

2E-05

1E-05

1E-05

2E-05

1E-05

1E-05

1E-05

0.00031

0.00077

0.00077

0.00072

计算总和0.0071总长度17

0

0

0

0

0

0

0

0

0

0

0.00062

0.00059

0.00064

0.00064

1E-05

1E-05

0

计算总和0.00251总长度17

0

0

0.00189

0.00189

0.00066

0.00066

2E-05

2E-05

1E-05

1E-05

1E-05

1E-05

2E-05

1E-05

1E-05

1E-05

0.00059

计算总和0.00582总长度17

0.34567

0.34567

0

0

0

0

1E-05

0.00019

0.00019

0.00078

0.00064

0.00064

0.00064

0.00064

1E-05

1E-05

1E-05

1E-05

1E-05

1E-05

1E-05

计算总和0.69514总长度21

0

0

0.00251

0.00251

0.00015

0.00015

0.00021

0.00021

0.0001

0.0001

8E-05

8E-05

0.00011

0.00011

0.00059

0.00059

0.0005

0.0005

1E-05

1E-05

3E-05

3E-05

1E-05

计算总和0.00859总长度23

0

0

0

0

0.00045

0.00045

0.00068

0.00068

0.00075

4E-05

2E-05

2E-05

1E-05

1E-05

1E-05

2E-05

1E-05

1E-05

1E-05

1E-05

0.00046

0.00046

0.00072

计算总和0.00482总长度23

0

0

0

0

0

0

0

0

0

0

0.00035

0.00035

0.00073

0.00073

8E-05

8E-05

2E-05

2E-05

0

1E-05

0

0

1E-05

计算总和0.00238总长度23

0

0

0.00145

0.00145

0.00074

0.00074

3E-05

0

1E-05

1E-05

0

0

1E-05

1E-05

1E-05

1E-05

0.00044

0.00044

0.00068

0.00073

3E-05

3E-05

1E-05

计算总和0.00683总长度23

0

0

0

0

0.00068

0.00068

0.00057

0.00057

0.00058

1E-05

1E-05

1E-05

2E-05

2E-05

1E-05

1E-05

1E-05

1E-05

1E-05

1E-05

0.00065

0.00057

0.00058

计算总和0.00501总长度23

0

0

0.00232

0.00232

2E-05

2E-05

3E-05

3E-05

1E-05

1E-05

1E-05

1E-05

0.0004

0.0004

0.00071

0.00071

0.00074

0.00074

1E-05

1E-05

1E-05

1E-05

2E-05

计算总和0.00854总长度23

0

0

0.00116

0.00116

0.00071

0.00071

9E-05

2E-05

1E-05

1E-05

1E-05

1E-05

1E-05

1E-05

1E-05

1E-05

0.00031

0.00031

0.00075

0.00075

9E-05

9E-05

0

计算总和0.00623总长度23

0

0

0.00059

0.00059

0.0006

0.0006

0.0006

1E-05

1E-05

1E-05

1E-05

1E-05

1E-05

1E-05

1E-05

1E-05

1E-05

0.00061

0.0006

0.0006

0.00064

0.00064

3E-05

计算总和0.0062总长度23

0

0

0

0

260

260

680

680

190

190

0

0

0

0

10

10

10

计算总和930总长度15

0

0

2750

2750

20

20

0

0

10

10

10

10

10

10

700

700

560

计算总和100总长度12

0

0

0

0

0

0

450

450

700

700

30

30

10

10

20

20

10

计算总和130总长度13

0

0

1290

1290

740

740

70

0

10

10

10

10

10

10

10

10

320

计算总和150总长度12

0

0

0

0

0

0

10

10

750

750

390

390

0

0

10

10

0

计算总和40总长度13

345670

345670

345670

200

770

650

650

230

230

20

20

10

计算总和1037720总长度9

0

0

2490

2490

20

20

20

20

20

690

580

540

计算总和100总长度7

0

0

0

10

10

20

20

490

490

650

710

20

计算总和80总长度8

0

0

0

720

740

70

70

10

10

10

10

20

计算总和200总长度10

0

10

10

0

0

10

10

0

0

400

400

710

计算总和1550总长度12

345670

730

580

580

10

10

10

10

10

计算总和345720总长度6

0

0

10

10

10

20

20

600

600

640

640

10

计算总和80总长度8

0

0

0

0

0

450

450

670

670

730

40

10

计算总和50总长度7

0

10

10

10

10

20

20

10

10

10

10

10

计算总和130总长度12

0

0

0

10

10

0

0

10

10

10

10

730

计算总和60总长度11

0

0

0

0

10

10

10

10

10

0

350

350

730

计算总和50总长度10

0

0

770

770

590

590

360

0

10

10

20

20

10

计算总和70总长度6

0

0

0

370

370

740

740

730

730

0

0

10

计算总和10总长度6

0

0

0

20

10

10

10

10

10

230

230

230

计算总和760总长度12

345670

345670

345670

0

0

20

20

20

20

10

10

10

计算总和1037120总长度12

0

0

320

320

670

670

730

730

10

10

10

0

计算总和30总长度4

345670

670

740

10

10

10

10

10

10

0

0

计算总和345730总长度9

0

10

10

20

20

10

10

0

0

0

620

计算总和80总长度10

2810

10

10

10

10

20

20

650

560

570

10

计算总和90总长度7

0

0

1640

1640

710

710

10

10

10

0

0

0

计算总和30总长度6

0

0

0

510

510

0

0

0

0

0

0

0

计算总和0总长度10

0

0

780

780

590

590

370

370

20

20

0

0

0

0

0

0

0

计算总和40总长度9

0

0

0

0

0

0

10

10

0

0

10

740

570

570

450

450

0

计算总和30总长度10

0

0

490

490

20

20

10

10

10

10

10

10

680

680

740

740

20

计算总和120总长度9

0

0

0

100

100

0

0

10

10

10

10

0

计算总和240总长度12

0

0

0

0

0

0

10

10

10

10

10

10

计算总和60总长度10

0

0

0

0

580

580

590

590

20

20

0

计算总和40总长度5

0

0

0

2390

470

470

20

20

20

20

10

710

计算总和90总长度6

0

0

0

10

0

10

10

0

0

0

240

770

计算总和270总长度11

0

0

0

350

350

740

740

730

730

0

0

10

计算总和10总长度4

0

0

0

710

110

10

10

10

10

10

10

10

10

0

0

0

计算总和190总长度13

0

0

0

1720

10

10

10

10

10

0

0

210

210

210

770

770

670

210

计算总和890总长度11

0

0

0

0

0

0

0

0

0

0

0

190

190

190

770

770

270

计算总和840总长度12

0

0

0

0

220

220

780

780

650

650

650

240

10

10

计算总和700总长度7

0

0

0

0

10

10

0

0

0

10

10

630

630

580

630

计算总和40总长度11

0

0

2440

2440

2440

30

30

0

0

0

0

10

10

0

0

640

计算总和80总长度10

0

0

0

0

0

2240

520

520

520

10

10

0

0

10

10

10

10

计算总和60总长度10

0

0

0

10

10

10

0

0

10

0

0

10

10

10

0

计算总和70总长度15

0

630

630

300

300

300

10

10

10

0

0

0

0

0

0

计算总和30总长度10

0

0

0

0

0

0

0

0

0

0

0

0

0

0

0

0

0

0

0

0

0

0

计算总和0总长度19

0

0

0

0

0

0

0

0

0

0

0

0

0

0

0

0

0

0

0

0

0

0

0

0

计算总和0总长度21

0

0

0

0

0

0

0

0

0

0

0

0

0

0

0

0

0

0

0

0

0

计算总和0总长度18

0

0

1900

1900

1900

30

30

30

10

10

0

0

0

0

0

0

230

230

660

660

660

180

计算总和750总长度14

0

0

1640

1640

940

940

940

90

90

40

40

40

40

20

20

20

20

20

20

10

10

10

440

440

计算总和490总长度15

0

0

0

计算总和0总长度3

0

0

0

0

0

0

0

0

350

350

350

740

740

740

740

70

70

70

10

10

20

20

计算总和270总长度13

