0

0

0

0

0

0

10

850

850

850

0

0

0

10

10

0

计算总和2580总长度16

0

0

2390

2390

20

20

870

850

10

10

20

10

计算总和6590总长度12

0

0

0

3130

3130

10

10

10

20

0

0

0

510

830

10

10

10

计算总和7680总长度17

7/3/2024 8:02:02 AM进入NG判断

7/3/2024 8:02:02 AM进入NG判断

0

0

3610

3610

20

20

20

20

10

10

10

20

计算总和7350总长度12

0

0

1310

20

30

30

10

10

50

50

760

760

20

20

10

0

0

计算总和3080总长度17

2660

2660

10

10

0

0

10

10

620

620

10

20

计算总和6630总长度12

7/3/2024 8:06:30 AM进入OK判断

7/3/2024 8:06:30 AM进入OK判断

0

0

2770

2770

40

40

20

20

10

10

40

40

780

740

0

0

0

计算总和7280总长度17

0

0

0

0

750

750

690

10

10

10

10

10

10

0

320

320

620

计算总和3510总长度17

0

0

1620

70

10

10

10

10

10

40

690

690

30

30

0

0

10

计算总和3230总长度17

0

0

0

0

0

0

0

380

380

760

10

计算总和1530总长度11

7/3/2024 8:19:47 AM进入CH3ok

7/3/2024 8:19:51 AM进入NG判断

7/3/2024 8:19:51 AM进入NG判断

0

0

0

0

0

0

10

10

420

420

660

660

100

10

10

10

20

计算总和2330总长度17

0

0

0

0

0

0

910

910

460

10

20

20

10

10

0

890

890

计算总和4130总长度17

0

0

0

0

220

220

150

150

150

150

160

160

150

150

1050

1050

220

计算总和3980总长度17

0

0

1580

1580

230

230

60

60

130

130

110

110

840

1020

180

180

200

计算总和6640总长度17

0

0

10

10

680

680

60

60

20

20

20

20

10

10

30

30

780

计算总和2440总长度17

0

0

710

0

0

280

830

830

20

20

计算总和2690总长度10

0

0

0

0

180

230

910

910

230

230

240

240

210

210

1120

1120

240

计算总和6070总长度17

0

0

0

0

0

0

0

0

270

270

650

650

470

470

10

计算总和2790总长度15

0

0

1670

1670

100

100

10

10

10

10

20

20

790

790

10

10

10

计算总和5230总长度17

0

0

2660

40

20

20

20

20

200

200

10

10

0

0

0

730

500

计算总和4430总长度17

7/3/2024 8:37:36 AM进入OK判断

7/3/2024 8:37:36 AM进入OK判断

0

0

0

0

920

920

170

170

180

180

170

170

360

360

930

930

380

计算总和5840总长度17

0

0

0

0

0

880

30

30

20

20

10

0

890

890

180

180

30

计算总和3160总长度17

0

0

0

3740

20

20

20

20

10

330

850

850

20

20

20

20

100

计算总和6040总长度17

0

0

0

550

700

700

50

50

30

30

30

30

20

20

30

760

670

计算总和3670总长度17

0

0

210

210

930

930

230

240

230

230

210

210

870

1000

210

210

220

计算总和6140总长度17

0

0

0

0

340

650

530

530

80

80

60

60

80

80

70

70

70

计算总和2700总长度17

0

0

1780

1780

50

50

20

20

10

10

660

660

10

10

20

20

20

计算总和5120总长度17

0

0

0

0

640

400

10

10

20

20

0

640

650

650

10

10

0

计算总和3060总长度17

0

0

0

0

790

790

680

680

20

20

20

20

0

0

400

650

10

计算总和4080总长度17

0

1590

70

70

20

20

20

10

20

20

580

580

590

580

20

20

0

计算总和4210总长度17

0

0

0

0

250

250

790

790

740

740

10

10

20

20

20

20

10

计算总和3670总长度17

0

0

0

2350

20

20

20

20

0

0

0

0

0

0

710

710

740

计算总和4590总长度17

0

0

0

0

260

0

840

840

400

400

220

270

290

290

300

300

300

计算总和4710总长度17

0

0

420

420

570

1180

1110

1110

440

440

360

计算总和6050总长度11

0

0

2520

2520

0

0

10

10

620

620

780

780

10

10

10

10

60

计算总和7960总长度17

0

0

0

0

210

210

870

870

920

920

210

210

200

200

210

210

210

计算总和5450总长度17

0

0

820

820

270

270

0

0

20

20

370

370

10

10

20

20

30

计算总和3050总长度17

0

0

0

0

910

910

830

830

180

180

170

190

990

990

820

计算总和7000总长度15

270

计算总和270总长度1

7/3/2024 9:03:20 AM进入CH3ok

0

0

2290

2290

20

20

20

20

0

0

710

710

0

0

10

10

0

计算总和6100总长度17

0

0

0

0

10

10

20

790

750

750

20

20

10

10

10

10

10

计算总和2420总长度17

0

2790

160

160

160

170

170

590

590

10

10

0

计算总和4810总长度12

0

0

3340

150

220

220

210

210

230

230

760

760

1070

1070

1030

320

320

计算总和10140总长度17

7/3/2024 9:07:52 AM进入CH3ok

0

0

380

380

910

910

100

200

160

160

180

180

590

1000

160

160

160

计算总和5630总长度17

0

0

0

0

30

30

60

60

590

590

740

60

60

50

50

50

计算总和2370总长度16

0

0

0

0

20

20

50

50

370

990

1000

1000

340

340

450

460

360

计算总和5450总长度17

0

0

3230

3230

70

70

90

120

170

170

150

150

160

860

900

900

780

计算总和11050总长度17

0

0

4050

4050

80

40

40

40

30

30

20

40

750

750

700

700

20

计算总和11340总长度17

7/3/2024 9:13:16 AM进入CH3ok

0

0

1820

1820

170

170

160

160

160

160

940

计算总和5560总长度11

7/3/2024 9:15:28 AM进入CH3ok

0

2330

2330

20

20

0

10

10

10

0

0

440

570

400

400

10

计算总和6550总长度16

7/3/2024 9:16:29 AM进入CH3ok

0

0

0

0

3220

30

30

30

20

20

10

10

40

40

10

10

10

计算总和3480总长度17

7/3/2024 9:17:29 AM进入OK判断

7/3/2024 9:17:29 AM进入OK判断

0

0

0

160

160

180

180

160

160

160

160

700

700

800

800

250

计算总和4570总长度16

7/3/2024 9:19:17 AM进入OK判断

7/3/2024 9:19:17 AM进入OK判断

0

0

0

0

250

250

690

690

90

90

100

100

100

100

840

840

380

计算总和4520总长度17

7/3/2024 9:20:24 AM进入CH3ok

200

200

200

200

200

200

0

0

460

460

600

600

100

100

30

30

30

计算总和3610总长度17

0

0

0

670

120

120

70

70

90

90

80

80

850

850

460

80

80

计算总和3710总长度17

7/3/2024 9:22:28 AM进入CH3ok

80

80

80

1550

440

440

40

40

40

50

50

50

50

50

830

820

60

计算总和4750总长度17

0

0

0

0

800

800

80

80

590

590

50

计算总和2990总长度11

7/3/2024 9:25:36 AM进入CH3ok

0

0

0

0

0

0

0

0

720

720

620

620

0

0

20

20

10

计算总和2730总长度17

60

60

1280

1280

760

760

30

20

20

20

20

20

10

10

300

300

700

计算总和5650总长度17

270

270

270

270

270

270

270

270

350

350

740

740

210

210

210

210

210

计算总和5390总长度17

484120

484120

484120

484120

0

0

30

30

690

0

0

0

0

0

880

880

200

计算总和1939190总长度17

7/3/2024 9:32:26 AM进入OK判断

7/3/2024 9:32:26 AM进入OK判断

3730

3730

3570

3570

3570

3580

3570

3570

3570

3570

计算总和36030总长度10

230

230

4140

4140

20

20

20

10

0

0

0

0

550

550

150

150

150

计算总和10360总长度17

497210

497210

497210

497210

497210

497210

497210

497210

160

700

550

0

0

0

0

0

0

计算总和3979090总长度17

0

0

3310

3310

20

10

10

10

10

10

20

750

750

730

0

0

0

计算总和8940总长度17

451710

451710

730

730

0

0

0

0

0

0

0

0

0

0

720

720

720

计算总和907040总长度17

0

0

410

410

610

610

60

0

0

0

0

0

10

760

760

720

计算总和4350总长度16

277750

277750

277750

680

430

430

0

0

0

0

60

60

660

660

0

0

0

计算总和836230总长度17

97340

97340

97340

97340

610

610

计算总和390580总长度6

10

10

10

10

740

740

740

740

0

0

0

0

0

0

370

540

130

计算总和4040总长度17

282950

282950

282950

282950

282950

282950

710

710

730

730

0

0

0

0

计算总和1700580总长度14

0

0

0

0

890

890

400

400

10

10

10

10

60

60

60

10

0

计算总和2810总长度17

0

0

0

0

0

0

0

0

310

310

10

10

10

10

550

550

780

计算总和2540总长度17

0

0

2420

2420

2420

840

840

0

0

0

计算总和8940总长度10

7/3/2024 2:44:53 PM进入OK判断

7/3/2024 2:44:53 PM进入OK判断

0

0

2600

2600

10

10

10

10

70

70

670

670

10

10

20

20

0

计算总和6780总长度17

0

0

1870

1870

10

10

10

10

10

850

30

30

10

10

10

0

830

计算总和5560总长度17

0

0

2420

2420

30

30

20

20

10

10

730

730

0

0

0

0

10

计算总和6430总长度17

7/3/2024 2:47:19 PM进入CH3ok

0

0

450

450

720

0

10

10

20

20

10

10

10

计算总和1710总长度13

7/3/2024 3:17:54 PM进入CH3ok

0

0

980

980

980

700

70

70

0

10

10

10

10

10

10

10

770

计算总和4620总长度17

410

410

630

630

20

20

20

20

420

420

420

20

0

0

20

20

210

计算总和3690总长度17

0

0

0

0

190

190

710

20

20

20

10

10

0

790

10

10

0

计算总和1980总长度17

291620

291620

2250

2250

10

10

0

0

810

810

340

10

10

10

10

10

610

计算总和590380总长度17

0

0

3550

20

20

20

10

10

70

740

20

20

10

10

10

20

660

计算总和5190总长度17

7/3/2024 4:02:38 PM进入OK判断

7/3/2024 4:02:38 PM进入OK判断

0

0

0

0

0

0

690

10

10

0

10

10

10

840

840

840

20

计算总和3280总长度17

0

0

0

0

810

810

190

190

20

20

20

20

20

20

270

计算总和2390总长度15

0

0

2340

2340

20

20

20

20

20

20

250

20

10

10

计算总和5090总长度14

0

3110

20

20

10

10

20

0

890

890

340

340

10

10

10

10

10

计算总和5700总长度17

0

0

800

800

0

10

10

890

890

240

240

0

0

计算总和3880总长度13

0

0

0

0

270

270

730

720

20

20

10

10

10

20

10

10

10

计算总和2110总长度17

