0

0

0

0

计算总和0总长度4

0

0

0

0

0

0

0

0

0

0

0

0

0

0

0

0

0

0

0

0

0

0

计算总和0总长度19

0

0

2790

2790

10

10

20

20

70

70

20

20

10

10

20

计算总和5860总长度15

7/2/2024 8:57:51 AM进入CH3Ng

7/2/2024 8:58:19 AM进入NG判断

7/2/2024 8:58:19 AM进入NG判断

0

10

10

10

10

10

90

90

660

10

10

计算总和910总长度11

7/2/2024 9:01:39 AM进入CH3ok

7/2/2024 9:01:43 AM进入OK判断

7/2/2024 9:01:43 AM进入OK判断

0

0

760

760

40

40

0

0

10

10

320

320

770

770

10

10

0

计算总和3820总长度17

7/2/2024 9:12:12 AM进入OK判断

7/2/2024 9:12:12 AM进入OK判断

7/2/2024 9:12:31 AM进入CH3ok

0

0

10

10

30

30

10

10

20

20

10

10

250

250

640

640

计算总和1940总长度16

7/2/2024 3:14:59 PM进入OK判断

7/2/2024 3:14:59 PM进入OK判断

0

0

3040

3040

20

20

10

10

10

560

660

660

20

20

10

10

20

计算总和8110总长度17

7/2/2024 3:16:48 PM进入CH3ok

7/2/2024 3:19:45 PM进入CH3ok

0

0

10

10

770

770

710

10

10

10

10

10

20

10

330

330

610

计算总和3620总长度17

0

0

0

0

1120

1120

1120

20

0

0

0

0

0

0

0

320

620

计算总和4320总长度17

0

0

0

20

20

10

10

10

890

890

760

760

20

20

计算总和3410总长度14

7/2/2024 4:36:26 PM进入OK判断

7/2/2024 4:36:26 PM进入OK判断

