0

0

20

0

0

0

0

790

790

410

计算总和2010总长度10

6/20/2024 8:11:51 AM进入NG判断

6/20/2024 8:11:51 AM进入NG判断

6/20/2024 8:11:54 AM进入CH3Ng

6/20/2024 8:13:18 AM进入CH3Ng

440

440

440

0

0

0

890

890

120

120

0

计算总和3340总长度11

6/20/2024 8:13:58 AM进入NG判断

6/20/2024 8:13:58 AM进入NG判断

860

860

0

0

0

0

0

20

20

0

计算总和1760总长度10

6/20/2024 8:17:55 AM进入CH3Ng

1430

0

0

870

870

160

160

0

0

0

计算总和3490总长度10

6/20/2024 8:22:24 AM进入NG判断

6/20/2024 8:22:24 AM进入NG判断

6/20/2024 8:22:40 AM进入CH3Ng

345670

345670

345670

10

10

10

800

0

0

计算总和1037840总长度9

345670

170

170

10

650

650

650

0

计算总和347970总长度8

630

450

450

0

0

0

0

840

840

0

0

10

10

计算总和3230总长度13

6/20/2024 10:01:09 AM进入CH3ok

3230

3230

10

0

0

300

300

0

0

0

30

650

计算总和7750总长度12

0

0

0

0

0

0

790

790

790

10

0

830

计算总和3210总长度12

0

0

0

0

280

0

0

10

20

630

630

计算总和1570总长度11

0

0

0

0

0

0

850

850

0

0

10

640

计算总和2350总长度12

